"Date (yyyy-mm-dd)","Downloads App Store (iOS) (daily)","Downloads Play Store (Android) (daily)","Downloads Huawei App Gallery (Android) (daily)","Total downloads (daily)","Total downloads (cumulative)"
2020-08-16,0,40484,,40484,40484
2020-08-17,268000,172882,,440882,481366
2020-08-18,142000,120713,,262713,744079
2020-08-19,34000,29563,,63563,807642
2020-08-20,15000,19594,,34594,842236
2020-08-21,44900,42027,,86927,929163
2020-08-22,17200,16476,,33676,962839
2020-08-23,10700,11254,,21954,984793
2020-08-24,7500,8348,,15848,1000641
2020-08-25,15700,11638,,27338,1027979
2020-08-26,8000,8278,,16278,1044257
2020-08-27,6000,6539,,12539,1056796
2020-08-28,5940,6363,,12303,1069099
2020-08-29,4480,4569,,9049,1078148
2020-08-30,4580,4534,,9114,1087262
2020-08-31,9000,7656,,16656,1103918
2020-09-01,4950,5329,,10279,1114197
2020-09-02,4050,4367,,8417,1122614
2020-09-03,3000,3162,,6162,1128776
2020-09-04,2370,2348,,4718,1133494
2020-09-05,2190,2366,,4556,1138050
2020-09-06,2010,2282,,4292,1142342
2020-09-07,2080,2216,,4296,1146638
2020-09-08,2030,3219,,5249,1151887
2020-09-09,14800,4223,,19023,1170910
2020-09-10,3690,2549,,6239,1177149
2020-09-11,4160,2175,,6335,1183484
2020-09-12,2690,2580,,5270,1188754
2020-09-13,5680,2853,,8533,1197287
2020-09-14,4070,2462,,6532,1203819
2020-09-15,2420,2172,,4592,1208411
2020-09-16,3510,2273,,5783,1214194
2020-09-17,4060,2381,,6441,1220635
2020-09-18,3920,4967,,8887,1229522
2020-09-19,3350,2401,,5751,1235273
2020-09-20,3250,1991,,5241,1240514
2020-09-21,3000,2026,,5026,1245540
2020-09-22,2450,2319,,4769,1250309
2020-09-23,2330,2338,,4668,1254977
2020-09-24,4390,5986,,10376,1265353
2020-09-25,3370,3743,,7113,1272466
2020-09-26,1830,2400,,4230,1276696
2020-09-27,2000,2542,,4542,1281238
2020-09-28,2900,3316,,6216,1287454
2020-09-29,3080,4002,,7082,1294536
2020-09-30,3370,5672,,9042,1303578
2020-10-01,2780,3528,,6308,1309886
2020-10-02,1520,2989,,4509,1314395
2020-10-03,2070,2627,,4697,1319092
2020-10-04,1900,2354,,4254,1323346
2020-10-05,2050,3287,,5337,1328683
2020-10-06,38300,50211,6187,94698,1423381
2020-10-07,19380,20322,125,39827,1463208
2020-10-08,15600,15661,109,31370,1494578
2020-10-09,23400,27165,158,50723,1545301
2020-10-10,313000,399028,3160,715188,2260489
2020-10-11,160000,228356,1221,389577,2650066
2020-10-12,110000,112313,290,222603,2872669
2020-10-13,40000,71236,128,111364,2984033
2020-10-14,40000,61697,98,101795,3085828
2020-10-15,30000,53583,143,83726,3169554
2020-10-16,20000,32920,81,53001,3222555
2020-10-17,10000,23164,80,33244,3255799
2020-10-18,20000,24046,101,44147,3299946
2020-10-19,20000,28679,129,48808,3348754
2020-10-20,20000,22602,95,42697,3391451
2020-10-21,20000,24929,103,45032,3436483
2020-10-22,20000,17491,94,37585,3474068
2020-10-23,10000,16069,87,26156,3500224
2020-10-24,10000,17211,85,27296,3527520
2020-10-25,10000,17995,87,28082,3555602
2020-10-26,20000,29670,97,49767,3605369
2020-10-27,30000,28806,101,58907,3664276
2020-10-28,10000,13295,89,23384,3687660
2020-10-29,20000,29795,152,49947,3737607
2020-10-30,10000,13865,93,23958,3761565
2020-10-31,0,11624,86,11710,3773275
2020-11-01,10000,12274,114,22388,3795663
2020-11-02,20000,11521,91,31612,3827275
2020-11-03,10000,10213,103,20316,3847591
2020-11-04,10000,8272,75,18347,3865938
2020-11-05,10000,8161,58,18219,3884157
2020-11-06,3930,8236,50,12216,3896373
2020-11-07,3640,7134,51,10825,3907198
2020-11-08,5030,8195,63,13288,3920486
2020-11-09,3120,5266,55,8441,3928927
2020-11-10,2480,5141,50,7671,3936598
2020-11-11,4040,5895,44,9979,3946577
2020-11-12,2540,5215,54,7809,3954386
2020-11-13,2130,4777,48,6955,3961341
2020-11-14,2080,4880,54,7014,3968355
2020-11-15,2270,4327,53,6650,3975005
2020-11-16,2540,4764,64,7368,3982373
2020-11-17,14800,17780,89,32669,4015042
2020-11-18,5650,8596,72,14318,4029360
2020-11-19,3770,6414,53,10237,4039597
2020-11-20,3440,5911,42,9393,4048990
2020-11-21,2330,6252,20,8602,4057592
2020-11-22,2360,4897,22,7279,4064871
2020-11-23,2320,5084,18,7422,4072293
2020-11-24,2090,4630,18,6738,4079031
2020-11-25,2270,5169,19,7458,4086489
2020-11-26,1960,5230,27,7217,4093706
2020-11-27,1990,5797,21,7808,4101514
2020-11-28,1950,5903,14,7867,4109381
2020-11-29,2120,4743,11,6874,4116255
2020-11-30,2390,5397,21,7808,4124063
2020-12-01,14200,6392,102,20694,4144757
2020-12-02,2540,5482,25,8047,4152804
2020-12-03,2240,4882,31,7153,4159957
2020-12-04,1950,4982,28,6960,4166917
2020-12-05,1870,4730,21,6621,4173538
2020-12-06,2290,4426,24,6740,4180278
2020-12-07,2850,4879,16,7745,4188023
2020-12-08,3100,6194,22,9316,4197339
2020-12-09,2820,5721,22,8563,4205902
2020-12-10,2620,5706,19,8345,4214247
2020-12-11,2270,5849,19,8138,4222385
2020-12-12,2460,5325,18,7803,4230188
2020-12-13,2790,5442,21,8253,4238441
2020-12-14,3140,6031,25,9196,4247637
2020-12-15,2680,5072,14,7766,4255403
2020-12-16,2520,5490,20,8030,4263433
2020-12-17,2140,7926,14,10080,4273513
2020-12-18,1860,7080,20,8960,4282473
2020-12-19,1900,7159,9,9068,4291541
2020-12-20,2370,6562,11,8943,4300484
2020-12-21,2530,7375,16,9921,4310405
2020-12-22,3450,7574,14,11038,4321443
2020-12-23,1750,7062,9,8821,4330264
2020-12-24,1480,6590,5,8075,4338339
2020-12-25,1510,7175,8,8693,4347032
2020-12-26,1600,6990,7,8597,4355629
2020-12-27,1570,6769,6,8345,4363974
2020-12-28,1920,7068,11,8999,4372973
2020-12-29,1660,8335,12,10007,4382980
2020-12-30,2332,8474,15,10821,4393801
2020-12-31,1280,5064,10,6354,4400155
2021-01-01,1070,1896,12,2978,4403133
2021-01-02,1140,2308,6,3454,4406587
2021-01-03,1230,2279,7,3516,4410103
2021-01-04,1350,2640,16,4006,4414109
2021-01-05,1340,2696,10,4046,4418155
2021-01-06,1390,3029,7,4426,4422581
2021-01-07,1120,2512,10,3642,4426223
2021-01-08,1030,2553,11,3594,4429817
2021-01-09,1010,2484,7,3501,4433318
2021-01-10,1000,2166,18,3184,4436502
2021-01-11,1030,2196,10,3236,4439738
2021-01-12,2350,3607,12,5969,4445707
2021-01-13,1819,3213,22,5054,4450761
2021-01-14,2180,3226,29,5435,4456196
2021-01-15,2170,3451,16,5637,4461833
2021-01-16,1070,3173,5,4248,4466081
2021-01-17,1020,2673,10,3703,4469784
2021-01-18,1150,3165,15,4330,4474114
2021-01-19,1220,3340,27,4587,4478701
2021-01-20,1150,3013,18,4181,4482882
2021-01-21,1340,3385,12,4737,4487619
2021-01-22,897,3283,11,4191,4491810
2021-01-23,869,3266,8,4143,4495953
2021-01-24,742,2737,11,3490,4499443
2021-01-25,775,2933,11,3719,4503162
2021-01-26,690,3425,20,4135,4507297
2021-01-27,704,3650,8,4362,4511659
2021-01-28,695,2968,7,3670,4515329
2021-01-29,595,4088,6,4689,4520018
2021-01-30,558,3532,5,4095,4524113
2021-01-31,532,2531,6,3069,4527182
2021-02-01,549,1913,6,2468,4529650
2021-02-02,628,2262,10,2900,4532550
2021-02-03,901,2607,4,3512,4536062
2021-02-04,737,2392,12,3141,4539203
2021-02-05,536,1995,5,2536,4541739
2021-02-06,528,2093,6,2627,4544366
2021-02-07,383,967,10,1360,4545726
2021-02-08,454,1158,3,1615,4547341
2021-02-09,427,1391,10,1828,4549169
2021-02-10,953,1863,7,2823,4551992
2021-02-11,438,1799,7,2244,4554236
2021-02-12,2400,1902,3,4305,4558541
2021-02-13,413,1886,7,2306,4560847
2021-02-14,367,1417,0,1784,4562631
2021-02-15,463,1619,1,2083,4564714
2021-02-16,500,1834,5,2339,4567053
2021-02-17,482,1925,5,2412,4569465
2021-02-18,495,1931,3,2429,4571894
2021-02-19,444,1990,7,2441,4574335
2021-02-20,506,1956,7,2469,4576804
2021-02-21,809,1754,10,2573,4579377
2021-02-22,627,1735,6,2368,4581745
2021-02-23,557,2075,3,2635,4584380
2021-02-24,862,2344,8,3214,4587594
2021-02-25,1780,1938,6,3724,4591318
2021-02-26,895,2115,4,3014,4594332
2021-02-27,954,2164,8,3126,4597458
2021-02-28,828,1648,7,2483,4599941
2021-03-01,1050,2064,14,3128,4603069
2021-03-02,729,1910,4,2643,4605712
2021-03-03,742,2108,3,2853,4608565
2021-03-04,885,1939,12,2836,4611401
2021-03-05,749,2125,13,2887,4614288
2021-03-06,689,2108,3,2800,4617088
2021-03-07,758,1543,1,2302,4619390
2021-03-08,1530,2493,17,4040,4623430
2021-03-09,861,2066,10,2937,4626367
2021-03-10,970,2303,8,3281,4629648
2021-03-11,743,2047,9,2799,4632447
2021-03-12,721,2084,2,2807,4635254
2021-03-13,700,2233,6,2939,4638193
2021-03-14,712,1603,5,2320,4640513
2021-03-15,739,1868,6,2613,4643126
2021-03-16,811,2029,3,2843,4645969
2021-03-17,3540,5198,30,8768,4654737
2021-03-18,1210,2479,8,3697,4658434
2021-03-19,1100,2452,17,3569,4662003
2021-03-20,1190,2798,15,4003,4666006
2021-03-21,1540,2370,10,3920,4669926
2021-03-22,1920,3263,24,5207,4675133
2021-03-23,1460,6458,19,7937,4683070
2021-03-24,1650,4849,9,6508,4689578
2021-03-25,1460,3351,11,4822,4694400
2021-03-26,953,3072,12,4037,4698437
2021-03-27,991,3095,12,4098,4702535
2021-03-28,980,2162,7,3149,4705684
2021-03-29,1030,2263,9,3302,4708986
2021-03-30,1060,2835,12,3907,4712893
2021-03-31,808,2552,11,3371,4716264
2021-04-01,817,2857,23,3697,4719961
2021-04-02,802,2768,42,3612,4723573
2021-04-03,743,2434,11,3188,4726761
2021-04-04,734,1710,8,2452,4729213
2021-04-05,792,1895,12,2699,4731912
2021-04-06,936,2810,23,3769,4735681
2021-04-07,963,2897,10,3870,4739551
2021-04-08,829,2587,6,3422,4742973
2021-04-09,860,2642,6,3508,4746481
2021-04-10,1330,3436,15,4781,4751262
2021-04-11,956,2218,11,3185,4754447
2021-04-12,927,2291,15,3233,4757680
2021-04-13,896,2448,11,3355,4761035
2021-04-14,1110,3791,15,4916,4765951
2021-04-15,840,3462,3,4305,4770256
2021-04-16,1130,3252,10,4392,4774648
2021-04-17,817,2837,4,3658,4778306
2021-04-18,720,2123,5,2848,4781154
2021-04-19,790,2734,8,3532,4784686
2021-04-20,672,2793,7,3472,4788158
2021-04-21,678,3130,16,3824,4791982
2021-04-22,731,2729,8,3468,4795450
2021-04-23,660,2739,15,3414,4798864
2021-04-24,564,2810,7,3381,4802245
2021-04-25,550,2445,4,2999,4805244
2021-04-26,599,2604,10,3213,4808457
2021-04-27,419,1848,6,2273,4810730
2021-04-28,676,2932,11,3619,4814349
2021-04-29,769,2534,17,3320,4817669
2021-04-30,674,2699,11,3384,4821053
2021-05-01,798,2655,11,3464,4824517
2021-05-02,625,1793,4,2422,4826939
2021-05-03,1199,1991,13,3203,4830142
2021-05-04,623,2949,11,3583,4833725
2021-05-05,776,3101,8,3885,4837610
2021-05-06,636,2816,4,3456,4841066
2021-05-07,519,2653,7,3179,4844245
2021-05-08,633,2781,4,3418,4847663
2021-05-09,585,2291,6,2882,4850545
2021-05-10,5678,2508,5,8191,4858736
2021-05-11,802,2922,2,3726,4862462
2021-05-12,830,2871,3,3704,4866166
2021-05-13,518,1961,3,2482,4868648
2021-05-14,591,2625,7,3223,4871871
2021-05-15,597,2751,3,3351,4875222
2021-05-16,549,2269,5,2823,4878045
2021-05-17,646,2582,15,3243,4881288
2021-05-18,543,2598,13,3154,4884442
2021-05-19,515,2572,3,3090,4887532
2021-05-20,487,2625,3,3115,4890647
2021-05-21,819,3693,12,4524,4895171
2021-05-22,782,3494,3,4279,4899450
2021-05-23,422,2036,6,2464,4901914
2021-05-24,383,2336,8,2727,4904641
2021-05-25,390,2367,3,2760,4907401
2021-05-26,1406,2604,7,4017,4911418
2021-05-27,400,2433,6,2839,4914257
2021-05-28,443,2986,7,3436,4917693
2021-05-29,483,2481,7,2971,4920664
2021-05-30,309,2005,1,2315,4922979
2021-05-31,653,2109,6,2768,4925747
2021-06-01,364,2030,2,2396,4928143
2021-06-02,444,1941,6,2391,4930534
2021-06-03,395,1876,8,2279,4932813
2021-06-04,447,1989,8,2444,4935257
2021-06-05,387,2050,5,2442,4937699
2021-06-06,304,1372,3,1679,4939378
2021-06-07,477,1639,4,2120,4941498
2021-06-08,310,2167,3,2480,4943978
2021-06-09,571,2554,6,3131,4947109
2021-06-10,472,2464,15,2951,4950060
2021-06-11,442,2635,8,3085,4953145
2021-06-12,328,2369,13,2710,4955855
2021-06-13,332,1818,7,2157,4958012
2021-06-14,352,2147,8,2507,4960519
2021-06-15,394,2630,7,3031,4963550
2021-06-16,327,2501,8,2836,4966386
2021-06-17,494,3102,7,3603,4969989
2021-06-18,1062,6556,11,7629,4977618
2021-06-19,672,3597,7,4276,4981894
2021-06-20,582,3103,7,3692,4985586
2021-06-21,598,3380,5,3983,4989569
2021-06-22,952,8878,10,9840,4999409
2021-06-23,1233,14080,11,15324,5014733
2021-06-24,2278,10038,17,12333,5027066
2021-06-25,1241,14587,20,15848,5042914
2021-06-26,991,10708,12,11711,5054625
2021-06-27,597,6449,11,7057,5061682
2021-06-28,898,8455,9,9362,5071044
2021-06-29,693,7327,8,8028,5079072
2021-06-30,894,9451,6,10351,5089423
2021-07-01,1058,10005,8,11071,5100494
2021-07-02,868,5184,11,6063,5106557
2021-07-03,825,4045,10,4880,5111437
2021-07-04,731,3720,13,4464,5115901
2021-07-05,730,4054,17,4801,5120702
2021-07-06,902,3866,12,4780,5125482
2021-07-07,10787,3590,15,14392,5139874
2021-07-08,853,4041,10,4904,5144778
2021-07-09,979,4260,18,5257,5150035
2021-07-10,878,3698,15,4591,5154626
2021-07-11,912,3412,13,4337,5158963
2021-07-12,917,3984,15,4916,5163879
2021-07-13,1188,4556,17,5761,5169640
2021-07-14,925,4159,15,5099,5174739
2021-07-15,928,3725,11,4664,5179403
2021-07-16,766,3754,9,4529,5183932
2021-07-17,703,3340,10,4053,5187985
2021-07-18,660,3091,11,3762,5191747
2021-07-19,773,3273,11,4057,5195804
2021-07-20,587,2921,9,3517,5199321
2021-07-21,594,3103,12,3709,5203030
2021-07-22,582,3170,8,3760,5206790
2021-07-23,583,3100,14,3697,5210487
2021-07-24,532,3096,3,3631,5214118
2021-07-25,467,2674,3,3144,5217262
2021-07-26,519,3163,6,3688,5220950
2021-07-27,466,3136,8,3610,5224560
2021-07-28,466,3143,6,3615,5228175
2021-07-29,444,3029,3,3476,5231651
2021-07-30,412,2568,8,2988,5234639
2021-07-31,372,2185,4,2561,5237200
2021-08-01,357,1763,4,2124,5239324
2021-08-02,398,2108,3,2509,5241833
2021-08-03,,,,0,5241833
2021-08-04,,,,0,5241833
